0 0 
1 0
2 0
3 0
4 0
5 0
6 0
7 0
8 0
9 0
10 0
11 0
12 0
13 0
14 0
15 0
16 0
17 0
18 0
19 0
20 0 
0 1 
13 1
14 1
18 1
20 1
0 2
2 2
3 2
4 2
5 2
6 2
7 2
8 2
9 2
10 2
11 2
16 2
20 2
0 3
9 3
11 3
12 3
13 3
14 3
16 3
17 3
19 3
20 3
0 4
1 4
2 4
3 4
4 4
5 4
6 4
7 4
12 4
17 4
20 4
0 5
7 5
9 5
10 5
12 5
14 5
16 5
17 5
18 5
20 5
0 6
1 6
2 6
3 6
4 6
5 6
7 6
10 6 
13 6
14 6
15 6
16 6
18 6
20 6
8 7
10 7
11 7
12 7
14 7
18 7
0 8
1 8
3 8
4 8
5 8
7 8
8 8
12 8
14 8
16 8
17 8
18 8
19 8
20 8
0 9
4 9
8 9
9 9
11 9
12 9
14 9
16 9
20 9
0 10
2 10
4 10
6 10
7 10
11 10
14 10
16 10
18 10
20 10
0 11
2 11
4 11
5 11
6 11
7 11
9 11
10 11
11 11
13 11
14 11
16 11
17 11
18 11
20 11
0 12
2 12
18 12
20 12
0 13
2 13
3 13
4 13
5 13
6 13
7 13
8 13
9 13
10 13
11 13
12 13
13 13
14 13
15 13
16 13
17 13
18 13
20 13
0 14
20 14
0 15 
1 15
2 15
3 15
4 15
5 15
6 15
7 15
8 15
9 15
10 15
11 15
12 15
13 15
14 15
15 15
16 15
17 15
18 15
19 15
20 15