0 0
0 1
0 2
0 3
0 4
0 5
0 6
0 7
0 8
0 9
0 10
0 11
0 12
0 14
0 15
1 0
1 12
1 14
1 15
2 0
2 2
2 3
2 4
2 5
2 6
2 7
2 8
2 9
2 10
2 11
2 12
2 15
3 0
3 15
4 0
4 2
4 3
4 4
4 5
4 6
4 7
4 8
4 9
4 10
4 11
4 12
4 13
4 15
5 0
5 2
5 15
6 0
6 2
6 4
6 5
6 7
6 8
6 9
6 11
6 12
6 13
6 14
6 15
7 0
7 2
7 4
7 6
7 7
7 9
7 10
7 11
7 15
8 0
8 2
8 13
8 15
9 0
9 2
9 3
9 4
9 5
9 6
9 7
9 8
9 9
9 10
9 11
9 13
9 15
10 0
10 2
10 13
10 15
11 0
11 2
11 4
11 5
11 6
11 7
11 8
11 9
11 10
11 11
11 12
11 13
11 15
12 0
12 2
12 13
12 15
13 0
13 2
13 3
13 5
13 7
13 9
13 10
13 11
13 12
13 13
13 15
14 0
14 2
14 3
14 5
14 6
14 7
14 9
14 15
15 0
15 3
15 6
15 9
15 11
15 12
15 13
15 14
15 15
16 0
16 1
16 3
16 4
16 5
16 6
16 7
16 9
16 11
16 15
17 0
17 1
17 5
17 7
17 9
17 13
17 15
18 0
18 1
18 3
18 4
18 5
18 7
18 8
18 9
18 10
18 11
18 12
18 13
18 15
19 0
19 3
19 7
19 15
20 0
20 1
20 2
20 3
20 5
20 6
20 7
20 8
20 9
20 10
20 11
20 12
20 13
20 14
20 15